Task 2 Ionosphere binary classifier
Input features: 34
Hidden layers: [16, 16]
Hidden activation: relu
Output: 2 logits with softmax
Loss: mean softmax cross-entropy
Training samples: 280
Test samples: 71
Standardization mean: [0.8785714507102966, 0.0, 0.6465880274772644, 0.046927131712436676, 0.6222588419914246, 0.09918690472841263, 0.5608532428741455, 0.13117331266403198, 0.5214796662330627, 0.1865430623292923, 0.4925960600376129, 0.16667874157428741, 0.4047466814517975, 0.08538278937339783, 0.3577237129211426, 0.07598385959863663, 0.374203085899353, 0.00881889183074236, 0.37005046010017395, -0.01476550567895174, 0.3282281458377838, 0.009603140875697136, 0.35843631625175476, -0.0499485544860363, 0.4021672308444977, -0.07199501246213913, 0.5404735803604126, -0.07138359546661377, 0.3656749427318573, -0.03724639490246773, 0.35660597681999207, -0.001980458851903677, 0.34384292364120483, 0.00597468251362443]
Standardization scale: [0.32662513852119446, 1.0, 0.4968442916870117, 0.4411696493625641, 0.5026276111602783, 0.4653259515762329, 0.4885510206222534, 0.5195804834365845, 0.5083383917808533, 0.4853496551513672, 0.5500079393386841, 0.49773186445236206, 0.6243439316749573, 0.5136764049530029, 0.6373713612556458, 0.4672161340713501, 0.6246656179428101, 0.4982546269893646, 0.62662273645401, 0.5273720622062683, 0.6225792765617371, 0.5226198434829712, 0.6067578792572021, 0.543347179889679, 0.5673178434371948, 0.5150043964385986, 0.518535852432251, 0.5577689409255981, 0.5723366141319275, 0.5162748694419861, 0.5690178275108337, 0.5261954069137573, 0.5236234068870544, 0.4814363420009613]
